,File Name,K,n,s,# of elem
0,tun_0_0_0_7_0.csv,25.200575386669684,-1.3686832057274996,0.2283804476629347,68
2,tun_0_0_0_7_2.csv,132.93902110569576,-1.7089060372320926,0.290686493261981,490
5,tun_0_0_0_7_5.csv,57.36285868884837,-1.3991795645137635,0.2978447177677128,70
7,tun_0_0_0_7_a.csv,82.05461433106063,-1.5904027122688296,0.31803425361461835,628
10,tun_0_0_0_8_2.csv,129.41100129564796,-1.7460058068712612,0.21372728332519275,59
15,tun_0_0_0_8_a.csv,129.41100129564796,-1.7460058068712612,0.21372728332519275,59
16,tun_0_0_0_a_0.csv,25.200575386669684,-1.3686832057274996,0.2283804476629347,68
18,tun_0_0_0_a_2.csv,125.37322077895796,-1.7003870885706691,0.28624288198527154,549
21,tun_0_0_0_a_5.csv,57.36285868884837,-1.3991795645137635,0.2978447177677128,70
23,tun_0_0_0_a_a.csv,81.56679473291794,-1.592896919908351,0.31304054811915877,687
26,tun_0_0_1_1_2.csv,243.08895006247172,-1.8997275457797322,0.1437118374892944,67
31,tun_0_0_1_1_a.csv,243.08895006247172,-1.8997275457797322,0.1437118374892944,67
50,tun_0_0_1_6_2.csv,34.013254637792414,-1.4701377793498664,0.1992839393775851,65
55,tun_0_0_1_6_a.csv,34.013254637792414,-1.4701377793498664,0.1992839393775851,65
58,tun_0_0_1_a_2.csv,80.59871972004487,-1.6492214849263112,0.17891360979968363,132
60,tun_0_0_1_a_4.csv,131.21120004445015,-1.6781933912271314,0.30566825286718446,80
63,tun_0_0_1_a_a.csv,127.6942722149956,-1.7212820538312363,0.24500768849242147,212
66,tun_0_0_2_0_2.csv,319.9160928371922,-1.7611566766663234,0.1697811787562755,35
71,tun_0_0_2_0_a.csv,319.9160928371922,-1.7611566766663234,0.1697811787562755,35
72,tun_0_0_2_10_0.csv,414.69533514677727,-2.040202417207133,0.17825021555622367,48
73,tun_0_0_2_10_1.csv,157.40583121357395,-1.4528928688497196,0.07447366201518209,10
74,tun_0_0_2_10_2.csv,81.77671734780678,-1.627811020845207,0.3462560920287419,93
77,tun_0_0_2_10_5.csv,44.9983041027211,-1.4759040965187589,0.22924770015619036,33
78,tun_0_0_2_10_6.csv,157.41952933477808,-1.4323982610923736,0.27624711552083214,12
79,tun_0_0_2_10_a.csv,144.94300334748664,-1.7216457155128713,0.3588566808953822,196
90,tun_0_0_2_5_2.csv,227.62287229872493,-1.7446229767248795,0.148317584628974,40
95,tun_0_0_2_5_a.csv,227.62287229872493,-1.7446229767248795,0.148317584628974,40
104,tun_0_0_2_a_0.csv,414.69533514677727,-2.040202417207133,0.17825021555622367,48
105,tun_0_0_2_a_1.csv,157.40583121357395,-1.4528928688497196,0.07447366201518209,10
106,tun_0_0_2_a_2.csv,181.4795087078183,-1.7396445712044597,0.30964257810934653,168
109,tun_0_0_2_a_5.csv,44.9983041027211,-1.4759040965187589,0.22924770015619036,33
110,tun_0_0_2_a_6.csv,157.41952933477808,-1.4323982610923736,0.27624711552083214,12
111,tun_0_0_2_a_a.csv,162.06675982542234,-1.7174497948476617,0.33630928448251585,271
114,tun_0_0_a_0_2.csv,319.9160928371922,-1.7611566766663234,0.1697811787562755,35
119,tun_0_0_a_0_a.csv,319.9160928371922,-1.7611566766663234,0.1697811787562755,35
120,tun_0_0_a_10_0.csv,414.69533514677727,-2.040202417207133,0.17825021555622367,48
121,tun_0_0_a_10_1.csv,157.40583121357395,-1.4528928688497196,0.07447366201518209,10
122,tun_0_0_a_10_2.csv,81.77671734780678,-1.627811020845207,0.3462560920287419,93
125,tun_0_0_a_10_5.csv,44.9983041027211,-1.4759040965187589,0.22924770015619036,33
126,tun_0_0_a_10_6.csv,157.41952933477808,-1.4323982610923736,0.27624711552083214,12
127,tun_0_0_a_10_a.csv,144.94300334748664,-1.7216457155128713,0.3588566808953822,196
130,tun_0_0_a_1_2.csv,243.08895006247172,-1.8997275457797322,0.1437118374892944,67
135,tun_0_0_a_1_a.csv,243.08895006247172,-1.8997275457797322,0.1437118374892944,67
162,tun_0_0_a_5_2.csv,227.62287229872493,-1.7446229767248795,0.148317584628974,40
167,tun_0_0_a_5_a.csv,227.62287229872493,-1.7446229767248795,0.148317584628974,40
170,tun_0_0_a_6_2.csv,34.013254637792414,-1.4701377793498664,0.1992839393775851,65
175,tun_0_0_a_6_a.csv,34.013254637792414,-1.4701377793498664,0.1992839393775851,65
176,tun_0_0_a_7_0.csv,25.200575386669684,-1.3686832057274996,0.2283804476629347,68
178,tun_0_0_a_7_2.csv,132.93902110569576,-1.7089060372320926,0.290686493261981,490
181,tun_0_0_a_7_5.csv,57.36285868884837,-1.3991795645137635,0.2978447177677128,70
183,tun_0_0_a_7_a.csv,82.05461433106063,-1.5904027122688296,0.31803425361461835,628
186,tun_0_0_a_8_2.csv,129.41100129564796,-1.7460058068712612,0.21372728332519275,59
191,tun_0_0_a_8_a.csv,129.41100129564796,-1.7460058068712612,0.21372728332519275,59
200,tun_0_0_a_a_0.csv,107.37817770366149,-1.6940795296923636,0.21424836031897404,116
201,tun_0_0_a_a_1.csv,157.40583121357395,-1.4528928688497196,0.07447366201518209,10
202,tun_0_0_a_a_2.csv,125.9248040095827,-1.700291268260572,0.2845336421581861,849
204,tun_0_0_a_a_4.csv,131.21120004445015,-1.6781933912271314,0.30566825286718446,80
205,tun_0_0_a_a_5.csv,30.91852488477937,-1.3075082569583116,0.3313870099471854,103
206,tun_0_0_a_a_6.csv,157.41952933477808,-1.4323982610923736,0.27624711552083214,12
207,tun_0_0_a_a_a.csv,101.86603251330851,-1.6402623918110046,0.31168982743130685,1170
208,tun_0_1_0_7_0.csv,0.7465048086753591,-0.5355127107362772,0.44591749451389495,9
210,tun_0_1_0_7_2.csv,1.075143000014679,-0.47937147963883575,0.6177997983086295,104
213,tun_0_1_0_7_5.csv,0.45328223360335773,-0.4102604175752567,0.0,2
215,tun_0_1_0_7_a.csv,0.7553207986840351,-0.39763316489366757,0.6381977200963548,115
218,tun_0_1_0_8_2.csv,24.08665869960993,-1.1916406945030766,0.27412962283730136,20
223,tun_0_1_0_8_a.csv,24.08665869960993,-1.1916406945030766,0.27412962283730136,20
224,tun_0_1_0_a_0.csv,0.7465048086753591,-0.5355127107362772,0.44591749451389495,9
226,tun_0_1_0_a_2.csv,2.947878118991538,-0.739956486331115,0.5496657651106458,124
229,tun_0_1_0_a_5.csv,0.45328223360335773,-0.4102604175752567,0.0,2
231,tun_0_1_0_a_a.csv,2.198276807552844,-0.6759276019819394,0.5743078568621374,135
250,tun_0_1_1_4_2.csv,182.54901608990048,-1.7289930527528108,0.22123830300052866,35
255,tun_0_1_1_4_a.csv,182.54901608990048,-1.7289930527528108,0.22123830300052866,35
266,tun_0_1_1_a_2.csv,182.54901608990048,-1.7289930527528108,0.22123830300052866,35
271,tun_0_1_1_a_a.csv,182.54901608990048,-1.7289930527528108,0.22123830300052866,35
280,tun_0_1_2_10_0.csv,22.345790121588916,-1.2875668796903357,0.33498163445257345,73
281,tun_0_1_2_10_1.csv,9.545294030903218,-0.9747578629405922,0.9488776575262566,49
282,tun_0_1_2_10_2.csv,3.216784241565587,-0.7736761691282681,0.41491889709093893,27
286,tun_0_1_2_10_6.csv,3.5480474340638435,-0.826027642242907,0.4539766093013169,123
287,tun_0_1_2_10_a.csv,7.207223561193447,-1.0008415252441099,0.5639458517047855,272
296,tun_0_1_2_5_0.csv,651.8019360753638,-1.9463304924935676,0.18210423247835422,35
298,tun_0_1_2_5_2.csv,91.33546681453888,-1.5531949021262008,0.21576187871346142,125
301,tun_0_1_2_5_5.csv,418.0315084081909,-1.8978615054955292,0.20410467761715204,100
303,tun_0_1_2_5_a.csv,156.06677052905113,-1.6740997291847397,0.22256871766881664,260
312,tun_0_1_2_a_0.csv,40.52916253176043,-1.4000074153531439,0.32503133850387,108
313,tun_0_1_2_a_1.csv,9.545294030903218,-0.9747578629405922,0.9488776575262566,49
314,tun_0_1_2_a_2.csv,15.944924081466988,-1.1344077066937612,0.3553335831572799,203
315,tun_0_1_2_a_3.csv,70.74840301786895,-1.4249233601371945,0.467735744207874,24
317,tun_0_1_2_a_5.csv,418.0315084081909,-1.8978615054955292,0.20410467761715204,100
318,tun_0_1_2_a_6.csv,3.5480474340638435,-0.826027642242907,0.4539766093013169,123
319,tun_0_1_2_a_a.csv,13.656316654070174,-1.1331714424970991,0.46872972384806655,607
328,tun_0_1_a_10_0.csv,22.345790121588916,-1.2875668796903357,0.33498163445257345,73
329,tun_0_1_a_10_1.csv,9.545294030903218,-0.9747578629405922,0.9488776575262566,49
330,tun_0_1_a_10_2.csv,3.216784241565587,-0.7736761691282681,0.41491889709093893,27
334,tun_0_1_a_10_6.csv,3.5480474340638435,-0.826027642242907,0.4539766093013169,123
335,tun_0_1_a_10_a.csv,7.207223561193447,-1.0008415252441099,0.5639458517047855,272
362,tun_0_1_a_4_2.csv,182.54901608990048,-1.7289930527528108,0.22123830300052866,35
367,tun_0_1_a_4_a.csv,182.54901608990048,-1.7289930527528108,0.22123830300052866,35
368,tun_0_1_a_5_0.csv,651.8019360753638,-1.9463304924935676,0.18210423247835422,35
370,tun_0_1_a_5_2.csv,91.33546681453888,-1.5531949021262008,0.21576187871346142,125
373,tun_0_1_a_5_5.csv,418.0315084081909,-1.8978615054955292,0.20410467761715204,100
375,tun_0_1_a_5_a.csv,156.06677052905113,-1.6740997291847397,0.22256871766881664,260
384,tun_0_1_a_7_0.csv,0.7465048086753591,-0.5355127107362772,0.44591749451389495,9
386,tun_0_1_a_7_2.csv,1.075143000014679,-0.47937147963883575,0.6177997983086295,104
389,tun_0_1_a_7_5.csv,0.45328223360335773,-0.4102604175752567,0.0,2
391,tun_0_1_a_7_a.csv,0.7553207986840351,-0.39763316489366757,0.6381977200963548,115
394,tun_0_1_a_8_2.csv,24.08665869960993,-1.1916406945030766,0.27412962283730136,20
399,tun_0_1_a_8_a.csv,24.08665869960993,-1.1916406945030766,0.27412962283730136,20
408,tun_0_1_a_a_0.csv,20.043231144391427,-1.258677688229372,0.3796726370360597,117
409,tun_0_1_a_a_1.csv,9.545294030903218,-0.9747578629405922,0.9488776575262566,49
410,tun_0_1_a_a_2.csv,11.484726998445876,-1.0861367803131987,0.41947882239566303,362
411,tun_0_1_a_a_3.csv,70.74840301786895,-1.4249233601371945,0.467735744207874,24
413,tun_0_1_a_a_5.csv,236.82644006036736,-1.7800026816514856,0.23985504907435082,102
414,tun_0_1_a_a_6.csv,3.5480474340638435,-0.826027642242907,0.4539766093013169,123
415,tun_0_1_a_a_a.csv,12.079415271326134,-1.1126211640707266,0.47412449737607376,777
416,tun_0_2_0_7_0.csv,29.916372914059757,-1.4808560670153623,0.11458692213205099,30
421,tun_0_2_0_7_5.csv,5.903091696346361,-1.0006855424525618,0.2746770207617617,10
423,tun_0_2_0_7_a.csv,18.084941330006306,-1.3425953460379396,0.20748763144033247,40
432,tun_0_2_0_a_0.csv,29.916372914059757,-1.4808560670153623,0.11458692213205099,30
437,tun_0_2_0_a_5.csv,5.903091696346361,-1.0006855424525618,0.2746770207617617,10
439,tun_0_2_0_a_a.csv,18.084941330006306,-1.3425953460379396,0.20748763144033247,40
448,tun_0_2_1_2_0.csv,74.81257466852736,-1.6992020797634442,0.29470062185214374,21
455,tun_0_2_1_2_a.csv,74.81257466852736,-1.6992020797634442,0.29470062185214374,21
472,tun_0_2_1_a_0.csv,74.81257466852736,-1.6992020797634442,0.29470062185214374,21
479,tun_0_2_1_a_a.csv,74.81257466852736,-1.6992020797634442,0.29470062185214374,21
488,tun_0_2_2_10_0.csv,65.58216688396767,-1.5437184303292093,0.34989158604240084,258
490,tun_0_2_2_10_2.csv,13.331084474356137,-1.3231245440653439,0.15339001440639027,15
493,tun_0_2_2_10_5.csv,302.0656848502512,-1.8051849089975451,0.3376473576340034,125
495,tun_0_2_2_10_a.csv,83.41280111908392,-1.5818667445821892,0.36596005300499723,398
496,tun_0_2_2_3_0.csv,171.89580477887733,-1.7195625861553572,0.30882601965910444,70
501,tun_0_2_2_3_5.csv,418.6244939369185,-1.8989247564962288,0.2572350228769374,47
503,tun_0_2_2_3_a.csv,260.9214230342427,-1.8038586915987973,0.2869846568695734,117
504,tun_0_2_2_5_0.csv,5.816638299508825,-1.0293938774783176,0.3662189673999822,49
506,tun_0_2_2_5_2.csv,459.8345112596449,-1.8106876609765572,0.07497956711739172,6
511,tun_0_2_2_5_a.csv,12.362076598182727,-1.1633185688204377,0.3581420924133333,55
512,tun_0_2_2_9_0.csv,41.72032130448102,-1.4661064998295532,0.21969650811677485,18
519,tun_0_2_2_9_a.csv,41.72032130448102,-1.4661064998295532,0.21969650811677485,18
520,tun_0_2_2_a_0.csv,65.99557743413101,-1.527066387289027,0.31851466053400196,527
522,tun_0_2_2_a_2.csv,7.44194415700376,-1.1126868657663773,0.38887255959844497,21
525,tun_0_2_2_a_5.csv,304.39924267720227,-1.8132930422920532,0.3200604136878207,172
527,tun_0_2_2_a_a.csv,82.64921633280943,-1.5688735523323847,0.3318391900166718,720
536,tun_0_2_a_10_0.csv,65.58216688396767,-1.5437184303292093,0.34989158604240084,258
538,tun_0_2_a_10_2.csv,13.331084474356137,-1.3231245440653439,0.15339001440639027,15
541,tun_0_2_a_10_5.csv,302.0656848502512,-1.8051849089975451,0.3376473576340034,125
543,tun_0_2_a_10_a.csv,83.41280111908392,-1.5818667445821892,0.36596005300499723,398
552,tun_0_2_a_2_0.csv,74.81257466852736,-1.6992020797634442,0.29470062185214374,21
559,tun_0_2_a_2_a.csv,74.81257466852736,-1.6992020797634442,0.29470062185214374,21
560,tun_0_2_a_3_0.csv,171.89580477887733,-1.7195625861553572,0.30882601965910444,70
565,tun_0_2_a_3_5.csv,418.6244939369185,-1.8989247564962288,0.2572350228769374,47
567,tun_0_2_a_3_a.csv,260.9214230342427,-1.8038586915987973,0.2869846568695734,117
576,tun_0_2_a_5_0.csv,5.816638299508825,-1.0293938774783176,0.3662189673999822,49
578,tun_0_2_a_5_2.csv,459.8345112596449,-1.8106876609765572,0.07497956711739172,6
583,tun_0_2_a_5_a.csv,12.362076598182727,-1.1633185688204377,0.3581420924133333,55
592,tun_0_2_a_7_0.csv,29.916372914059757,-1.4808560670153623,0.11458692213205099,30
597,tun_0_2_a_7_5.csv,5.903091696346361,-1.0006855424525618,0.2746770207617617,10
599,tun_0_2_a_7_a.csv,18.084941330006306,-1.3425953460379396,0.20748763144033247,40
608,tun_0_2_a_9_0.csv,41.72032130448102,-1.4661064998295532,0.21969650811677485,18
615,tun_0_2_a_9_a.csv,41.72032130448102,-1.4661064998295532,0.21969650811677485,18
616,tun_0_2_a_a_0.csv,50.25610733628916,-1.4806936449482513,0.33187646814340416,578
618,tun_0_2_a_a_2.csv,7.44194415700376,-1.1126868657663773,0.38887255959844497,21
621,tun_0_2_a_a_5.csv,214.19802043076984,-1.744867238803641,0.33167201112556405,182
623,tun_0_2_a_a_a.csv,63.895269243086055,-1.5238527021425292,0.3428388092052029,781
624,tun_0_a_0_7_0.csv,6.372877366091371,-1.0947780240608698,0.2693284099447138,107
626,tun_0_a_0_7_2.csv,68.65992211078631,-1.5717103163323016,0.3388750552727056,594
629,tun_0_a_0_7_5.csv,28.851618182973848,-1.278275824368852,0.34591574979998996,82
631,tun_0_a_0_7_a.csv,42.70261880076157,-1.460273591246462,0.3588515017011962,783
634,tun_0_a_0_8_2.csv,87.53375817751322,-1.6181384756776562,0.2827644626681897,79
639,tun_0_a_0_8_a.csv,87.53375817751322,-1.6181384756776562,0.2827644626681897,79
640,tun_0_a_0_a_0.csv,6.372877366091371,-1.0947780240608698,0.2693284099447138,107
642,tun_0_a_0_a_2.csv,71.63992210624569,-1.5800654975010648,0.33227635745093775,673
645,tun_0_a_0_a_5.csv,28.851618182973848,-1.278275824368852,0.34591574979998996,82
647,tun_0_a_0_a_a.csv,46.64288100224587,-1.4789268309077308,0.35176389282884263,862
650,tun_0_a_1_1_2.csv,243.08895006247172,-1.8997275457797322,0.1437118374892944,67
655,tun_0_a_1_1_a.csv,243.08895006247172,-1.8997275457797322,0.1437118374892944,67
656,tun_0_a_1_2_0.csv,74.81257466852736,-1.6992020797634442,0.29470062185214374,21
663,tun_0_a_1_2_a.csv,74.81257466852736,-1.6992020797634442,0.29470062185214374,21
666,tun_0_a_1_4_2.csv,182.54901608990048,-1.7289930527528108,0.22123830300052866,35
671,tun_0_a_1_4_a.csv,182.54901608990048,-1.7289930527528108,0.22123830300052866,35
674,tun_0_a_1_6_2.csv,34.013254637792414,-1.4701377793498664,0.1992839393775851,65
679,tun_0_a_1_6_a.csv,34.013254637792414,-1.4701377793498664,0.1992839393775851,65
680,tun_0_a_1_a_0.csv,74.81257466852736,-1.6992020797634442,0.29470062185214374,21
682,tun_0_a_1_a_2.csv,68.58227263033258,-1.594814244356117,0.21609665813169654,167
684,tun_0_a_1_a_4.csv,131.21120004445015,-1.6781933912271314,0.30566825286718446,80
687,tun_0_a_1_a_a.csv,98.35827931391307,-1.662068403360918,0.26660501074526827,268
690,tun_0_a_2_0_2.csv,319.9160928371922,-1.7611566766663234,0.1697811787562755,35
695,tun_0_a_2_0_a.csv,319.9160928371922,-1.7611566766663234,0.1697811787562755,35
696,tun_0_a_2_10_0.csv,48.857743703417285,-1.483751285213735,0.34398009297283605,379
697,tun_0_a_2_10_1.csv,4.055195058714264,-0.7406635626491397,0.9880178725085688,59
698,tun_0_a_2_10_2.csv,33.708134215158616,-1.434771564471626,0.40066894465061237,135
701,tun_0_a_2_10_5.csv,139.15424721096753,-1.6625008894194484,0.34833972041695965,158
702,tun_0_a_2_10_6.csv,1.2166256994925708,-0.48705405818911623,0.6149343828466403,135
703,tun_0_a_2_10_a.csv,34.72317600891811,-1.4015215493950066,0.43932448702200433,866
704,tun_0_a_2_3_0.csv,171.89580477887733,-1.7195625861553572,0.30882601965910444,70
709,tun_0_a_2_3_5.csv,418.6244939369185,-1.8989247564962288,0.2572350228769374,47
711,tun_0_a_2_3_a.csv,260.9214230342427,-1.8038586915987973,0.2869846568695734,117
712,tun_0_a_2_5_0.csv,54.8921347974666,-1.4449203139287066,0.319161113381361,84
714,tun_0_a_2_5_2.csv,101.77973475868876,-1.5705374302514923,0.2052673896998289,171
717,tun_0_a_2_5_5.csv,418.0315084081909,-1.8978615054955292,0.20410467761715204,100
719,tun_0_a_2_5_a.csv,112.30960030083227,-1.5966183344969984,0.24351583718901362,355
720,tun_0_a_2_9_0.csv,41.72032130448102,-1.4661064998295532,0.21969650811677485,18
727,tun_0_a_2_9_a.csv,41.72032130448102,-1.4661064998295532,0.21969650811677485,18
728,tun_0_a_2_a_0.csv,57.70671420740475,-1.4996307579720216,0.3205245306185961,683
729,tun_0_a_2_a_1.csv,4.055195058714264,-0.7406635626491397,0.9880178725085688,59
730,tun_0_a_2_a_2.csv,26.223599227656976,-1.2830969858539543,0.41109821121566636,392
731,tun_0_a_2_a_3.csv,70.74840301786895,-1.4249233601371945,0.467735744207874,24
733,tun_0_a_2_a_5.csv,208.14994105457419,-1.747304190108718,0.29439441299294233,305
734,tun_0_a_2_a_6.csv,1.2166256994925708,-0.48705405818911623,0.6149343828466403,135
735,tun_0_a_2_a_a.csv,35.11606635884803,-1.3730068317227233,0.40673609675179867,1598
738,tun_0_a_a_0_2.csv,319.9160928371922,-1.7611566766663234,0.1697811787562755,35
743,tun_0_a_a_0_a.csv,319.9160928371922,-1.7611566766663234,0.1697811787562755,35
744,tun_0_a_a_10_0.csv,48.857743703417285,-1.483751285213735,0.34398009297283605,379
745,tun_0_a_a_10_1.csv,4.055195058714264,-0.7406635626491397,0.9880178725085688,59
746,tun_0_a_a_10_2.csv,33.708134215158616,-1.434771564471626,0.40066894465061237,135
749,tun_0_a_a_10_5.csv,139.15424721096753,-1.6625008894194484,0.34833972041695965,158
750,tun_0_a_a_10_6.csv,1.2166256994925708,-0.48705405818911623,0.6149343828466403,135
751,tun_0_a_a_10_a.csv,34.72317600891811,-1.4015215493950066,0.43932448702200433,866
754,tun_0_a_a_1_2.csv,243.08895006247172,-1.8997275457797322,0.1437118374892944,67
759,tun_0_a_a_1_a.csv,243.08895006247172,-1.8997275457797322,0.1437118374892944,67
760,tun_0_a_a_2_0.csv,74.81257466852736,-1.6992020797634442,0.29470062185214374,21
767,tun_0_a_a_2_a.csv,74.81257466852736,-1.6992020797634442,0.29470062185214374,21
768,tun_0_a_a_3_0.csv,171.89580477887733,-1.7195625861553572,0.30882601965910444,70
773,tun_0_a_a_3_5.csv,418.6244939369185,-1.8989247564962288,0.2572350228769374,47
775,tun_0_a_a_3_a.csv,260.9214230342427,-1.8038586915987973,0.2869846568695734,117
778,tun_0_a_a_4_2.csv,182.54901608990048,-1.7289930527528108,0.22123830300052866,35
783,tun_0_a_a_4_a.csv,182.54901608990048,-1.7289930527528108,0.22123830300052866,35
784,tun_0_a_a_5_0.csv,54.8921347974666,-1.4449203139287066,0.319161113381361,84
786,tun_0_a_a_5_2.csv,101.77973475868876,-1.5705374302514923,0.2052673896998289,171
789,tun_0_a_a_5_5.csv,418.0315084081909,-1.8978615054955292,0.20410467761715204,100
791,tun_0_a_a_5_a.csv,112.30960030083227,-1.5966183344969984,0.24351583718901362,355
794,tun_0_a_a_6_2.csv,34.013254637792414,-1.4701377793498664,0.1992839393775851,65
799,tun_0_a_a_6_a.csv,34.013254637792414,-1.4701377793498664,0.1992839393775851,65
800,tun_0_a_a_7_0.csv,6.372877366091371,-1.0947780240608698,0.2693284099447138,107
802,tun_0_a_a_7_2.csv,68.65992211078631,-1.5717103163323016,0.3388750552727056,594
805,tun_0_a_a_7_5.csv,28.851618182973848,-1.278275824368852,0.34591574979998996,82
807,tun_0_a_a_7_a.csv,42.70261880076157,-1.460273591246462,0.3588515017011962,783
810,tun_0_a_a_8_2.csv,87.53375817751322,-1.6181384756776562,0.2827644626681897,79
815,tun_0_a_a_8_a.csv,87.53375817751322,-1.6181384756776562,0.2827644626681897,79
816,tun_0_a_a_9_0.csv,41.72032130448102,-1.4661064998295532,0.21969650811677485,18
823,tun_0_a_a_9_a.csv,41.72032130448102,-1.4661064998295532,0.21969650811677485,18
824,tun_0_a_a_a_0.csv,40.40220563762512,-1.4373131099025154,0.3327753380832505,811
825,tun_0_a_a_a_1.csv,4.055195058714264,-0.7406635626491397,0.9880178725085688,59
826,tun_0_a_a_a_2.csv,39.29724014984412,-1.4237126545500247,0.37307903004659726,1232
827,tun_0_a_a_a_3.csv,70.74840301786895,-1.4249233601371945,0.467735744207874,24
828,tun_0_a_a_a_4.csv,131.21120004445015,-1.6781933912271314,0.30566825286718446,80
829,tun_0_a_a_a_5.csv,90.81107888293498,-1.5578332494893516,0.332784807906229,387
830,tun_0_a_a_a_6.csv,1.2166256994925708,-0.48705405818911623,0.6149343828466403,135
831,tun_0_a_a_a_a.csv,39.13970357238943,-1.4163105136839491,0.3848187065928646,2728
832,tun_1_0_0_7_0.csv,124.67427588897687,-1.7378484566790187,0.08988796449000461,6
834,tun_1_0_0_7_2.csv,31.641067646857106,-1.3216544410658417,0.22780838855176827,6
839,tun_1_0_0_7_a.csv,119.74442598470425,-1.6932318337114631,0.18712797622049876,12
848,tun_1_0_0_a_0.csv,124.67427588897687,-1.7378484566790187,0.08988796449000461,6
850,tun_1_0_0_a_2.csv,31.641067646857106,-1.3216544410658417,0.22780838855176827,6
855,tun_1_0_0_a_a.csv,119.74442598470425,-1.6932318337114631,0.18712797622049876,12
904,tun_1_0_2_10_0.csv,449.41135901994164,-2.130847631809177,0.044778174398180604,8
909,tun_1_0_2_10_5.csv,17.16523341949502,-1.3882370730220601,0.1957586447194961,11
911,tun_1_0_2_10_a.csv,82.22994353402208,-1.7309798119828244,0.18630663168022082,19
936,tun_1_0_2_a_0.csv,449.41135901994164,-2.130847631809177,0.044778174398180604,8
941,tun_1_0_2_a_5.csv,17.16523341949502,-1.3882370730220601,0.1957586447194961,11
943,tun_1_0_2_a_a.csv,82.22994353402208,-1.7309798119828244,0.18630663168022082,19
952,tun_1_0_a_10_0.csv,449.41135901994164,-2.130847631809177,0.044778174398180604,8
957,tun_1_0_a_10_5.csv,17.16523341949502,-1.3882370730220601,0.1957586447194961,11
959,tun_1_0_a_10_a.csv,82.22994353402208,-1.7309798119828244,0.18630663168022082,19
1008,tun_1_0_a_7_0.csv,124.67427588897687,-1.7378484566790187,0.08988796449000461,6
1010,tun_1_0_a_7_2.csv,31.641067646857106,-1.3216544410658417,0.22780838855176827,6
1015,tun_1_0_a_7_a.csv,119.74442598470425,-1.6932318337114631,0.18712797622049876,12
1032,tun_1_0_a_a_0.csv,131.4710668861449,-1.778446436556873,0.11236246148074583,14
1034,tun_1_0_a_a_2.csv,31.641067646857106,-1.3216544410658417,0.22780838855176827,6
1037,tun_1_0_a_a_5.csv,17.16523341949502,-1.3882370730220601,0.1957586447194961,11
1039,tun_1_0_a_a_a.csv,59.727242503279236,-1.6030913173867078,0.23709136521379404,31
1114,tun_1_1_2_10_2.csv,3.3892762702149475,-0.9222588191081093,0.40635190601091575,9
1119,tun_1_1_2_10_a.csv,3.3892762702149475,-0.9222588191081093,0.40635190601091575,9
1146,tun_1_1_2_a_2.csv,3.3892762702149475,-0.9222588191081093,0.40635190601091575,9
1147,tun_1_1_2_a_3.csv,60.276245778919304,-1.4081627362165703,0.4290867653227204,8
1151,tun_1_1_2_a_a.csv,6.878195934294772,-1.005056773307773,0.5508805601463997,17
1162,tun_1_1_a_10_2.csv,3.3892762702149475,-0.9222588191081093,0.40635190601091575,9
1167,tun_1_1_a_10_a.csv,3.3892762702149475,-0.9222588191081093,0.40635190601091575,9
1242,tun_1_1_a_a_2.csv,3.3892762702149475,-0.9222588191081093,0.40635190601091575,9
1243,tun_1_1_a_a_3.csv,60.276245778919304,-1.4081627362165703,0.4290867653227204,8
1247,tun_1_1_a_a_a.csv,6.878195934294772,-1.005056773307773,0.5508805601463997,17
1280,tun_1_2_1_2_0.csv,306.5841209631786,-2.1103980217572604,0.2681792159890576,7
1287,tun_1_2_1_2_a.csv,306.5841209631786,-2.1103980217572604,0.2681792159890576,7
1304,tun_1_2_1_a_0.csv,306.5841209631786,-2.1103980217572604,0.2681792159890576,7
1311,tun_1_2_1_a_a.csv,306.5841209631786,-2.1103980217572604,0.2681792159890576,7
1320,tun_1_2_2_10_0.csv,136.24713124196478,-1.7188102573656134,0.3239242423932065,83
1322,tun_1_2_2_10_2.csv,16.42023587358397,-1.276771488694568,0.20288640063341634,5
1325,tun_1_2_2_10_5.csv,47.091174560802045,-1.4639237483921563,0.3844394716024968,23
1327,tun_1_2_2_10_a.csv,79.7127970003276,-1.6024188589949937,0.3446434838069335,111
1328,tun_1_2_2_3_0.csv,27.541237493550803,-1.3602568028670101,0.1665732303219556,8
1335,tun_1_2_2_3_a.csv,27.541237493550803,-1.3602568028670101,0.1665732303219556,8
1336,tun_1_2_2_5_0.csv,2.9015165427645715,-0.8891824433330874,0.21166532645567557,13
1343,tun_1_2_2_5_a.csv,2.9015165427645715,-0.8891824433330874,0.21166532645567557,13
1344,tun_1_2_2_9_0.csv,47.36980153554844,-1.4500946613649794,0.22545831304928157,6
1351,tun_1_2_2_9_a.csv,47.36980153554844,-1.4500946613649794,0.22545831304928157,6
1352,tun_1_2_2_a_0.csv,65.25019315908901,-1.5413871249491118,0.3215409037773308,138
1354,tun_1_2_2_a_2.csv,16.42023587358397,-1.276771488694568,0.20288640063341634,5
1357,tun_1_2_2_a_5.csv,47.091174560802045,-1.4639237483921563,0.3844394716024968,23
1359,tun_1_2_2_a_a.csv,56.27148431668582,-1.5107985973673568,0.33144610611505637,166
1368,tun_1_2_a_10_0.csv,136.24713124196478,-1.7188102573656134,0.3239242423932065,83
1370,tun_1_2_a_10_2.csv,16.42023587358397,-1.276771488694568,0.20288640063341634,5
1373,tun_1_2_a_10_5.csv,47.091174560802045,-1.4639237483921563,0.3844394716024968,23
1375,tun_1_2_a_10_a.csv,79.7127970003276,-1.6024188589949937,0.3446434838069335,111
1384,tun_1_2_a_2_0.csv,306.5841209631786,-2.1103980217572604,0.2681792159890576,7
1391,tun_1_2_a_2_a.csv,306.5841209631786,-2.1103980217572604,0.2681792159890576,7
1392,tun_1_2_a_3_0.csv,27.541237493550803,-1.3602568028670101,0.1665732303219556,8
1399,tun_1_2_a_3_a.csv,27.541237493550803,-1.3602568028670101,0.1665732303219556,8
1408,tun_1_2_a_5_0.csv,2.9015165427645715,-0.8891824433330874,0.21166532645567557,13
1415,tun_1_2_a_5_a.csv,2.9015165427645715,-0.8891824433330874,0.21166532645567557,13
1440,tun_1_2_a_9_0.csv,47.36980153554844,-1.4500946613649794,0.22545831304928157,6
1447,tun_1_2_a_9_a.csv,47.36980153554844,-1.4500946613649794,0.22545831304928157,6
1448,tun_1_2_a_a_0.csv,53.81301477086537,-1.5106894996963087,0.3472609872099871,145
1450,tun_1_2_a_a_2.csv,16.42023587358397,-1.276771488694568,0.20288640063341634,5
1453,tun_1_2_a_a_5.csv,47.091174560802045,-1.4639237483921563,0.3844394716024968,23
1455,tun_1_2_a_a_a.csv,49.779005458976606,-1.4929730686716727,0.3515521370137857,173
1456,tun_1_a_0_7_0.csv,124.67427588897687,-1.7378484566790187,0.08988796449000461,6
1458,tun_1_a_0_7_2.csv,31.641067646857106,-1.3216544410658417,0.22780838855176827,6
1463,tun_1_a_0_7_a.csv,119.74442598470425,-1.6932318337114631,0.18712797622049876,12
1472,tun_1_a_0_a_0.csv,124.67427588897687,-1.7378484566790187,0.08988796449000461,6
1474,tun_1_a_0_a_2.csv,31.641067646857106,-1.3216544410658417,0.22780838855176827,6
1479,tun_1_a_0_a_a.csv,119.74442598470425,-1.6932318337114631,0.18712797622049876,12
1488,tun_1_a_1_2_0.csv,306.5841209631786,-2.1103980217572604,0.2681792159890576,7
1495,tun_1_a_1_2_a.csv,306.5841209631786,-2.1103980217572604,0.2681792159890576,7
1512,tun_1_a_1_a_0.csv,306.5841209631786,-2.1103980217572604,0.2681792159890576,7
1519,tun_1_a_1_a_a.csv,306.5841209631786,-2.1103980217572604,0.2681792159890576,7
1528,tun_1_a_2_10_0.csv,104.69196683543315,-1.6693977960322948,0.32209002796233865,91
1530,tun_1_a_2_10_2.csv,5.288838054278081,-1.0264868694471316,0.3494389262164104,14
1533,tun_1_a_2_10_5.csv,24.377290674239543,-1.3659970847905847,0.39618191205192455,34
1535,tun_1_a_2_10_a.csv,39.23037568494531,-1.4674067983898142,0.3647735793168768,139
1536,tun_1_a_2_3_0.csv,27.541237493550803,-1.3602568028670101,0.1665732303219556,8
1543,tun_1_a_2_3_a.csv,27.541237493550803,-1.3602568028670101,0.1665732303219556,8
1544,tun_1_a_2_5_0.csv,2.9015165427645715,-0.8891824433330874,0.21166532645567557,13
1551,tun_1_a_2_5_a.csv,2.9015165427645715,-0.8891824433330874,0.21166532645567557,13
1552,tun_1_a_2_9_0.csv,47.36980153554844,-1.4500946613649794,0.22545831304928157,6
1559,tun_1_a_2_9_a.csv,47.36980153554844,-1.4500946613649794,0.22545831304928157,6
1560,tun_1_a_2_a_0.csv,59.48104936752847,-1.5252517192198807,0.3196555438358431,146
1562,tun_1_a_2_a_2.csv,5.288838054278081,-1.0264868694471316,0.3494389262164104,14
1563,tun_1_a_2_a_3.csv,60.276245778919304,-1.4081627362165703,0.4290867653227204,8
1565,tun_1_a_2_a_5.csv,24.377290674239543,-1.3659970847905847,0.39618191205192455,34
1567,tun_1_a_2_a_a.csv,36.56410970929204,-1.4274514815125883,0.3591731596128817,202
1576,tun_1_a_a_10_0.csv,104.69196683543315,-1.6693977960322948,0.32209002796233865,91
1578,tun_1_a_a_10_2.csv,5.288838054278081,-1.0264868694471316,0.3494389262164104,14
1581,tun_1_a_a_10_5.csv,24.377290674239543,-1.3659970847905847,0.39618191205192455,34
1583,tun_1_a_a_10_a.csv,39.23037568494531,-1.4674067983898142,0.3647735793168768,139
1592,tun_1_a_a_2_0.csv,306.5841209631786,-2.1103980217572604,0.2681792159890576,7
1599,tun_1_a_a_2_a.csv,306.5841209631786,-2.1103980217572604,0.2681792159890576,7
1600,tun_1_a_a_3_0.csv,27.541237493550803,-1.3602568028670101,0.1665732303219556,8
1607,tun_1_a_a_3_a.csv,27.541237493550803,-1.3602568028670101,0.1665732303219556,8
1616,tun_1_a_a_5_0.csv,2.9015165427645715,-0.8891824433330874,0.21166532645567557,13
1623,tun_1_a_a_5_a.csv,2.9015165427645715,-0.8891824433330874,0.21166532645567557,13
1632,tun_1_a_a_7_0.csv,124.67427588897687,-1.7378484566790187,0.08988796449000461,6
1634,tun_1_a_a_7_2.csv,31.641067646857106,-1.3216544410658417,0.22780838855176827,6
1639,tun_1_a_a_7_a.csv,119.74442598470425,-1.6932318337114631,0.18712797622049876,12
1648,tun_1_a_a_9_0.csv,47.36980153554844,-1.4500946613649794,0.22545831304928157,6
1655,tun_1_a_a_9_a.csv,47.36980153554844,-1.4500946613649794,0.22545831304928157,6
1656,tun_1_a_a_a_0.csv,51.75134043383092,-1.5064598849387076,0.33721637931378196,159
1658,tun_1_a_a_a_2.csv,9.170316686843105,-1.1161851381080339,0.36384381530500204,20
1659,tun_1_a_a_a_3.csv,60.276245778919304,-1.4081627362165703,0.4290867653227204,8
1661,tun_1_a_a_a_5.csv,24.377290674239543,-1.3659970847905847,0.39618191205192455,34
1663,tun_1_a_a_a_a.csv,36.61552203461356,-1.4334303187325281,0.36443923868176603,221
1874,tun_2_1_0_7_2.csv,0.33305767463460667,-0.05253945861147729,0.6692006957431967,58
1878,tun_2_1_0_7_6.csv,28.299307057161275,-1.3945258224362163,0.27319650281121555,22
1879,tun_2_1_0_7_a.csv,14.729972516620892,-1.0950950537474797,0.5873428243665416,80
1890,tun_2_1_0_a_2.csv,0.33305767463460667,-0.05253945861147729,0.6692006957431967,58
1894,tun_2_1_0_a_6.csv,28.299307057161275,-1.3945258224362163,0.27319650281121555,22
1895,tun_2_1_0_a_a.csv,14.729972516620892,-1.0950950537474797,0.5873428243665416,80
1914,tun_2_1_1_4_2.csv,0.059170585566748125,0.49204123297585856,0.23714139982721494,10
1919,tun_2_1_1_4_a.csv,0.059170585566748125,0.49204123297585856,0.23714139982721494,10
1930,tun_2_1_1_a_2.csv,0.059170585566748125,0.49204123297585856,0.23714139982721494,10
1935,tun_2_1_1_a_a.csv,0.059170585566748125,0.49204123297585856,0.23714139982721494,10
1950,tun_2_1_2_10_6.csv,3.4647312201106177,-0.9101353397197438,0.3913757298067471,78
1951,tun_2_1_2_10_a.csv,3.4647312201106177,-0.9101353397197438,0.3913757298067471,78
1982,tun_2_1_2_a_6.csv,3.4647312201106177,-0.9101353397197438,0.3913757298067471,78
1983,tun_2_1_2_a_a.csv,3.4647312201106177,-0.9101353397197438,0.3913757298067471,78
1998,tun_2_1_a_10_6.csv,3.4647312201106177,-0.9101353397197438,0.3913757298067471,78
1999,tun_2_1_a_10_a.csv,3.4647312201106177,-0.9101353397197438,0.3913757298067471,78
2026,tun_2_1_a_4_2.csv,0.059170585566748125,0.49204123297585856,0.23714139982721494,10
2031,tun_2_1_a_4_a.csv,0.059170585566748125,0.49204123297585856,0.23714139982721494,10
2050,tun_2_1_a_7_2.csv,0.33305767463460667,-0.05253945861147729,0.6692006957431967,58
2054,tun_2_1_a_7_6.csv,28.299307057161275,-1.3945258224362163,0.27319650281121555,22
2055,tun_2_1_a_7_a.csv,14.729972516620892,-1.0950950537474797,0.5873428243665416,80
2074,tun_2_1_a_a_2.csv,0.36072914535615846,-0.061725833777918265,0.6370391609716209,68
2078,tun_2_1_a_a_6.csv,4.5440150347501485,-0.9877938270382608,0.36934346129864065,100
2079,tun_2_1_a_a_a.csv,3.233014853092358,-0.791521414930315,0.6323120798369332,168
2290,tun_2_a_0_7_2.csv,0.33305767463460667,-0.05253945861147729,0.6692006957431967,58
2294,tun_2_a_0_7_6.csv,28.299307057161275,-1.3945258224362163,0.27319650281121555,22
2295,tun_2_a_0_7_a.csv,14.729972516620892,-1.0950950537474797,0.5873428243665416,80
2306,tun_2_a_0_a_2.csv,0.33305767463460667,-0.05253945861147729,0.6692006957431967,58
2310,tun_2_a_0_a_6.csv,28.299307057161275,-1.3945258224362163,0.27319650281121555,22
2311,tun_2_a_0_a_a.csv,14.729972516620892,-1.0950950537474797,0.5873428243665416,80
2330,tun_2_a_1_4_2.csv,0.059170585566748125,0.49204123297585856,0.23714139982721494,10
2335,tun_2_a_1_4_a.csv,0.059170585566748125,0.49204123297585856,0.23714139982721494,10
2346,tun_2_a_1_a_2.csv,0.059170585566748125,0.49204123297585856,0.23714139982721494,10
2351,tun_2_a_1_a_a.csv,0.059170585566748125,0.49204123297585856,0.23714139982721494,10
2366,tun_2_a_2_10_6.csv,3.4647312201106177,-0.9101353397197438,0.3913757298067471,78
2367,tun_2_a_2_10_a.csv,3.4647312201106177,-0.9101353397197438,0.3913757298067471,78
2398,tun_2_a_2_a_6.csv,3.4647312201106177,-0.9101353397197438,0.3913757298067471,78
2399,tun_2_a_2_a_a.csv,3.4647312201106177,-0.9101353397197438,0.3913757298067471,78
2414,tun_2_a_a_10_6.csv,3.4647312201106177,-0.9101353397197438,0.3913757298067471,78
2415,tun_2_a_a_10_a.csv,3.4647312201106177,-0.9101353397197438,0.3913757298067471,78
2442,tun_2_a_a_4_2.csv,0.059170585566748125,0.49204123297585856,0.23714139982721494,10
2447,tun_2_a_a_4_a.csv,0.059170585566748125,0.49204123297585856,0.23714139982721494,10
2466,tun_2_a_a_7_2.csv,0.33305767463460667,-0.05253945861147729,0.6692006957431967,58
2470,tun_2_a_a_7_6.csv,28.299307057161275,-1.3945258224362163,0.27319650281121555,22
2471,tun_2_a_a_7_a.csv,14.729972516620892,-1.0950950537474797,0.5873428243665416,80
2490,tun_2_a_a_a_2.csv,0.36072914535615846,-0.061725833777918265,0.6370391609716209,68
2494,tun_2_a_a_a_6.csv,4.5440150347501485,-0.9877938270382608,0.36934346129864065,100
2495,tun_2_a_a_a_a.csv,3.233014853092358,-0.791521414930315,0.6323120798369332,168
2496,tun_a_0_0_7_0.csv,29.8095111598825,-1.4070435292632648,0.21869420403886997,74
2498,tun_a_0_0_7_2.csv,132.47077840144044,-1.7078066855253333,0.2901354438302842,496
2501,tun_a_0_0_7_5.csv,57.36285868884837,-1.3991795645137635,0.2978447177677128,70
2503,tun_a_0_0_7_a.csv,82.11012469926024,-1.5908237744566123,0.31618276401822915,640
2506,tun_a_0_0_8_2.csv,129.41100129564796,-1.7460058068712612,0.21372728332519275,59
2511,tun_a_0_0_8_a.csv,129.41100129564796,-1.7460058068712612,0.21372728332519275,59
2512,tun_a_0_0_a_0.csv,29.8095111598825,-1.4070435292632648,0.21869420403886997,74
2514,tun_a_0_0_a_2.csv,125.17559664712829,-1.6996849998872807,0.2857832355409347,555
2517,tun_a_0_0_a_5.csv,57.36285868884837,-1.3991795645137635,0.2978447177677128,70
2519,tun_a_0_0_a_a.csv,81.71138022931393,-1.59347310403687,0.31136145698883577,699
2522,tun_a_0_1_1_2.csv,243.08895006247172,-1.8997275457797322,0.1437118374892944,67
2527,tun_a_0_1_1_a.csv,243.08895006247172,-1.8997275457797322,0.1437118374892944,67
2546,tun_a_0_1_6_2.csv,34.013254637792414,-1.4701377793498664,0.1992839393775851,65
2551,tun_a_0_1_6_a.csv,34.013254637792414,-1.4701377793498664,0.1992839393775851,65
2554,tun_a_0_1_a_2.csv,80.59871972004487,-1.6492214849263112,0.17891360979968363,132
2556,tun_a_0_1_a_4.csv,131.21120004445015,-1.6781933912271314,0.30566825286718446,80
2559,tun_a_0_1_a_a.csv,127.6942722149956,-1.7212820538312363,0.24500768849242147,212
2562,tun_a_0_2_0_2.csv,319.9160928371922,-1.7611566766663234,0.1697811787562755,35
2567,tun_a_0_2_0_a.csv,319.9160928371922,-1.7611566766663234,0.1697811787562755,35
2568,tun_a_0_2_10_0.csv,352.92707173180696,-2.0097989977694595,0.1729007880915476,56
2569,tun_a_0_2_10_1.csv,157.40583121357395,-1.4528928688497196,0.07447366201518209,10
2570,tun_a_0_2_10_2.csv,81.77671734780678,-1.627811020845207,0.3462560920287419,93
2573,tun_a_0_2_10_5.csv,29.576282331781513,-1.412669808103768,0.2707747305017204,44
2574,tun_a_0_2_10_6.csv,157.41952933477808,-1.4323982610923736,0.27624711552083214,12
2575,tun_a_0_2_10_a.csv,112.34523294562402,-1.6762155237085,0.36445020291088215,215
2586,tun_a_0_2_5_2.csv,227.62287229872493,-1.7446229767248795,0.148317584628974,40
2591,tun_a_0_2_5_a.csv,227.62287229872493,-1.7446229767248795,0.148317584628974,40
2600,tun_a_0_2_a_0.csv,352.92707173180696,-2.0097989977694595,0.1729007880915476,56
2601,tun_a_0_2_a_1.csv,157.40583121357395,-1.4528928688497196,0.07447366201518209,10
2602,tun_a_0_2_a_2.csv,181.4795087078183,-1.7396445712044597,0.30964257810934653,168
2605,tun_a_0_2_a_5.csv,29.576282331781513,-1.412669808103768,0.2707747305017204,44
2606,tun_a_0_2_a_6.csv,157.41952933477808,-1.4323982610923736,0.27624711552083214,12
2607,tun_a_0_2_a_a.csv,128.07699434660108,-1.6752888851055208,0.34707029999492933,290
2610,tun_a_0_a_0_2.csv,319.9160928371922,-1.7611566766663234,0.1697811787562755,35
2615,tun_a_0_a_0_a.csv,319.9160928371922,-1.7611566766663234,0.1697811787562755,35
2616,tun_a_0_a_10_0.csv,352.92707173180696,-2.0097989977694595,0.1729007880915476,56
2617,tun_a_0_a_10_1.csv,157.40583121357395,-1.4528928688497196,0.07447366201518209,10
2618,tun_a_0_a_10_2.csv,81.77671734780678,-1.627811020845207,0.3462560920287419,93
2621,tun_a_0_a_10_5.csv,29.576282331781513,-1.412669808103768,0.2707747305017204,44
2622,tun_a_0_a_10_6.csv,157.41952933477808,-1.4323982610923736,0.27624711552083214,12
2623,tun_a_0_a_10_a.csv,112.34523294562402,-1.6762155237085,0.36445020291088215,215
2626,tun_a_0_a_1_2.csv,243.08895006247172,-1.8997275457797322,0.1437118374892944,67
2631,tun_a_0_a_1_a.csv,243.08895006247172,-1.8997275457797322,0.1437118374892944,67
2658,tun_a_0_a_5_2.csv,227.62287229872493,-1.7446229767248795,0.148317584628974,40
2663,tun_a_0_a_5_a.csv,227.62287229872493,-1.7446229767248795,0.148317584628974,40
2666,tun_a_0_a_6_2.csv,34.013254637792414,-1.4701377793498664,0.1992839393775851,65
2671,tun_a_0_a_6_a.csv,34.013254637792414,-1.4701377793498664,0.1992839393775851,65
2672,tun_a_0_a_7_0.csv,29.8095111598825,-1.4070435292632648,0.21869420403886997,74
2674,tun_a_0_a_7_2.csv,132.47077840144044,-1.7078066855253333,0.2901354438302842,496
2677,tun_a_0_a_7_5.csv,57.36285868884837,-1.3991795645137635,0.2978447177677128,70
2679,tun_a_0_a_7_a.csv,82.11012469926024,-1.5908237744566123,0.31618276401822915,640
2682,tun_a_0_a_8_2.csv,129.41100129564796,-1.7460058068712612,0.21372728332519275,59
2687,tun_a_0_a_8_a.csv,129.41100129564796,-1.7460058068712612,0.21372728332519275,59
2696,tun_a_0_a_a_0.csv,105.11244323466512,-1.6928382188907505,0.20756789737613715,130
2697,tun_a_0_a_a_1.csv,157.40583121357395,-1.4528928688497196,0.07447366201518209,10
2698,tun_a_0_a_a_2.csv,125.78202215519462,-1.699820707074747,0.2842426883819223,855
2700,tun_a_0_a_a_4.csv,131.21120004445015,-1.6781933912271314,0.30566825286718446,80
2701,tun_a_0_a_a_5.csv,21.7209264140107,-1.2511886281375912,0.37047643944190656,114
2702,tun_a_0_a_a_6.csv,157.41952933477808,-1.4323982610923736,0.27624711552083214,12
2703,tun_a_0_a_a_a.csv,96.60260254938468,-1.6307456493428754,0.3128085551585295,1201
2704,tun_a_1_0_7_0.csv,0.7465048086753591,-0.5355127107362772,0.44591749451389495,9
2706,tun_a_1_0_7_2.csv,0.39375609538683615,-0.16490732589855633,0.7072145018722626,162
2709,tun_a_1_0_7_5.csv,0.45328223360335773,-0.4102604175752567,0.0,2
2710,tun_a_1_0_7_6.csv,28.299307057161275,-1.3945258224362163,0.27319650281121555,22
2711,tun_a_1_0_7_a.csv,2.1783634348311507,-0.6625236763255014,0.6605773768552613,195
2714,tun_a_1_0_8_2.csv,24.08665869960993,-1.1916406945030766,0.27412962283730136,20
2719,tun_a_1_0_8_a.csv,24.08665869960993,-1.1916406945030766,0.27412962283730136,20
2720,tun_a_1_0_a_0.csv,0.7465048086753591,-0.5355127107362772,0.44591749451389495,9
2722,tun_a_1_0_a_2.csv,1.3095528289939398,-0.4835954623600906,0.656404513885645,182
2725,tun_a_1_0_a_5.csv,0.45328223360335773,-0.4102604175752567,0.0,2
2726,tun_a_1_0_a_6.csv,28.299307057161275,-1.3945258224362163,0.27319650281121555,22
2727,tun_a_1_0_a_a.csv,3.274186991388814,-0.7619454402779042,0.6195494074440839,215
2746,tun_a_1_1_4_2.csv,222.96201428090077,-1.7610134099449906,0.24497178977171083,45
2751,tun_a_1_1_4_a.csv,222.96201428090077,-1.7610134099449906,0.24497178977171083,45
2762,tun_a_1_1_a_2.csv,222.96201428090077,-1.7610134099449906,0.24497178977171083,45
2767,tun_a_1_1_a_a.csv,222.96201428090077,-1.7610134099449906,0.24497178977171083,45
2776,tun_a_1_2_10_0.csv,22.345790121588916,-1.2875668796903357,0.33498163445257345,73
2777,tun_a_1_2_10_1.csv,9.545294030903218,-0.9747578629405922,0.9488776575262566,49
2778,tun_a_1_2_10_2.csv,3.093148377277408,-0.7977143189987359,0.4576465745473185,36
2782,tun_a_1_2_10_6.csv,5.304313439416803,-0.9754646529539447,0.4199529017635735,201
2783,tun_a_1_2_10_a.csv,5.786532787281502,-0.9689229919013032,0.5469347514194426,359
2792,tun_a_1_2_5_0.csv,651.8019360753638,-1.9463304924935676,0.18210423247835422,35
2794,tun_a_1_2_5_2.csv,91.33546681453888,-1.5531949021262008,0.21576187871346142,125
2797,tun_a_1_2_5_5.csv,418.0315084081909,-1.8978615054955292,0.20410467761715204,100
2799,tun_a_1_2_5_a.csv,156.06677052905113,-1.6740997291847397,0.22256871766881664,260
2808,tun_a_1_2_a_0.csv,40.52916253176043,-1.4000074153531439,0.32503133850387,108
2809,tun_a_1_2_a_1.csv,9.545294030903218,-0.9747578629405922,0.9488776575262566,49
2810,tun_a_1_2_a_2.csv,14.02924992497528,-1.1133666780535219,0.37156956312659273,212
2811,tun_a_1_2_a_3.csv,69.70230854924594,-1.4265587957947805,0.457765052044402,32
2813,tun_a_1_2_a_5.csv,418.0315084081909,-1.8978615054955292,0.20410467761715204,100
2814,tun_a_1_2_a_6.csv,5.304313439416803,-0.9754646529539447,0.4199529017635735,201
2815,tun_a_1_2_a_a.csv,10.334690514305557,-1.0826113648958413,0.4836110205683274,702
2824,tun_a_1_a_10_0.csv,22.345790121588916,-1.2875668796903357,0.33498163445257345,73
2825,tun_a_1_a_10_1.csv,9.545294030903218,-0.9747578629405922,0.9488776575262566,49
2826,tun_a_1_a_10_2.csv,3.093148377277408,-0.7977143189987359,0.4576465745473185,36
2830,tun_a_1_a_10_6.csv,5.304313439416803,-0.9754646529539447,0.4199529017635735,201
2831,tun_a_1_a_10_a.csv,5.786532787281502,-0.9689229919013032,0.5469347514194426,359
2858,tun_a_1_a_4_2.csv,222.96201428090077,-1.7610134099449906,0.24497178977171083,45
2863,tun_a_1_a_4_a.csv,222.96201428090077,-1.7610134099449906,0.24497178977171083,45
2864,tun_a_1_a_5_0.csv,651.8019360753638,-1.9463304924935676,0.18210423247835422,35
2866,tun_a_1_a_5_2.csv,91.33546681453888,-1.5531949021262008,0.21576187871346142,125
2869,tun_a_1_a_5_5.csv,418.0315084081909,-1.8978615054955292,0.20410467761715204,100
2871,tun_a_1_a_5_a.csv,156.06677052905113,-1.6740997291847397,0.22256871766881664,260
2880,tun_a_1_a_7_0.csv,0.7465048086753591,-0.5355127107362772,0.44591749451389495,9
2882,tun_a_1_a_7_2.csv,0.39375609538683615,-0.16490732589855633,0.7072145018722626,162
2885,tun_a_1_a_7_5.csv,0.45328223360335773,-0.4102604175752567,0.0,2
2886,tun_a_1_a_7_6.csv,28.299307057161275,-1.3945258224362163,0.27319650281121555,22
2887,tun_a_1_a_7_a.csv,2.1783634348311507,-0.6625236763255014,0.6605773768552613,195
2890,tun_a_1_a_8_2.csv,24.08665869960993,-1.1916406945030766,0.27412962283730136,20
2895,tun_a_1_a_8_a.csv,24.08665869960993,-1.1916406945030766,0.27412962283730136,20
2904,tun_a_1_a_a_0.csv,20.043231144391427,-1.258677688229372,0.3796726370360597,117
2905,tun_a_1_a_a_1.csv,9.545294030903218,-0.9747578629405922,0.9488776575262566,49
2906,tun_a_1_a_a_2.csv,12.269762261448594,-1.0856870221234767,0.45905854305858884,439
2907,tun_a_1_a_a_3.csv,69.70230854924594,-1.4265587957947805,0.457765052044402,32
2909,tun_a_1_a_a_5.csv,236.82644006036736,-1.7800026816514856,0.23985504907435082,102
2910,tun_a_1_a_a_6.csv,7.32715673699671,-1.0708387553364498,0.3958572586834154,223
2911,tun_a_1_a_a_a.csv,10.59183565189885,-1.084218839121153,0.49633152868711583,962
2912,tun_a_2_0_7_0.csv,29.916372914059757,-1.4808560670153623,0.11458692213205099,30
2917,tun_a_2_0_7_5.csv,5.903091696346361,-1.0006855424525618,0.2746770207617617,10
2919,tun_a_2_0_7_a.csv,18.084941330006306,-1.3425953460379396,0.20748763144033247,40
2928,tun_a_2_0_a_0.csv,29.916372914059757,-1.4808560670153623,0.11458692213205099,30
2933,tun_a_2_0_a_5.csv,5.903091696346361,-1.0006855424525618,0.2746770207617617,10
2935,tun_a_2_0_a_a.csv,18.084941330006306,-1.3425953460379396,0.20748763144033247,40
2944,tun_a_2_1_2_0.csv,110.31554117284675,-1.810080179581596,0.30076975733388067,28
2951,tun_a_2_1_2_a.csv,110.31554117284675,-1.810080179581596,0.30076975733388067,28
2968,tun_a_2_1_a_0.csv,110.31554117284675,-1.810080179581596,0.30076975733388067,28
2975,tun_a_2_1_a_a.csv,110.31554117284675,-1.810080179581596,0.30076975733388067,28
2984,tun_a_2_2_10_0.csv,78.86688193537854,-1.5874067047489615,0.3446957338321901,341
2986,tun_a_2_2_10_2.csv,11.850715352464976,-1.2707171272776712,0.2016966889529479,20
2989,tun_a_2_2_10_5.csv,174.38810200014154,-1.7002760189232915,0.3596084983430152,148
2991,tun_a_2_2_10_a.csv,80.80491725097795,-1.5817091565053523,0.36348647359074737,509
2992,tun_a_2_2_3_0.csv,135.99546960953418,-1.669824821013416,0.3038084752467213,78
2997,tun_a_2_2_3_5.csv,418.6244939369185,-1.8989247564962288,0.2572350228769374,47
2999,tun_a_2_2_3_a.csv,218.09129144775628,-1.7653436946872774,0.28569043833774577,125
3000,tun_a_2_2_5_0.csv,5.004047951521188,-0.9980072473427255,0.344497914381403,62
3002,tun_a_2_2_5_2.csv,459.8345112596449,-1.8106876609765572,0.07497956711739172,6
3007,tun_a_2_2_5_a.csv,9.788502408194105,-1.1169485253250866,0.3424782780663942,68
3008,tun_a_2_2_9_0.csv,52.499554839442666,-1.5048318351176846,0.2218504020942271,24
3015,tun_a_2_2_9_a.csv,52.499554839442666,-1.5048318351176846,0.2218504020942271,24
3016,tun_a_2_2_a_0.csv,66.44438841951789,-1.5319748569169107,0.31936605777478033,665
3018,tun_a_2_2_a_2.csv,8.579647771568814,-1.1420663481495956,0.3590599255669359,26
3021,tun_a_2_2_a_5.csv,192.6014942731037,-1.7240329962912126,0.33955126708964783,195
3023,tun_a_2_2_a_a.csv,75.73067354557413,-1.5547647332121597,0.333173000478925,886
3032,tun_a_2_a_10_0.csv,78.86688193537854,-1.5874067047489615,0.3446957338321901,341
3034,tun_a_2_a_10_2.csv,11.850715352464976,-1.2707171272776712,0.2016966889529479,20
3037,tun_a_2_a_10_5.csv,174.38810200014154,-1.7002760189232915,0.3596084983430152,148
3039,tun_a_2_a_10_a.csv,80.80491725097795,-1.5817091565053523,0.36348647359074737,509
3048,tun_a_2_a_2_0.csv,110.31554117284675,-1.810080179581596,0.30076975733388067,28
3055,tun_a_2_a_2_a.csv,110.31554117284675,-1.810080179581596,0.30076975733388067,28
3056,tun_a_2_a_3_0.csv,135.99546960953418,-1.669824821013416,0.3038084752467213,78
3061,tun_a_2_a_3_5.csv,418.6244939369185,-1.8989247564962288,0.2572350228769374,47
3063,tun_a_2_a_3_a.csv,218.09129144775628,-1.7653436946872774,0.28569043833774577,125
3072,tun_a_2_a_5_0.csv,5.004047951521188,-0.9980072473427255,0.344497914381403,62
3074,tun_a_2_a_5_2.csv,459.8345112596449,-1.8106876609765572,0.07497956711739172,6
3079,tun_a_2_a_5_a.csv,9.788502408194105,-1.1169485253250866,0.3424782780663942,68
3088,tun_a_2_a_7_0.csv,29.916372914059757,-1.4808560670153623,0.11458692213205099,30
3093,tun_a_2_a_7_5.csv,5.903091696346361,-1.0006855424525618,0.2746770207617617,10
3095,tun_a_2_a_7_a.csv,18.084941330006306,-1.3425953460379396,0.20748763144033247,40
3104,tun_a_2_a_9_0.csv,52.499554839442666,-1.5048318351176846,0.2218504020942271,24
3111,tun_a_2_a_9_a.csv,52.499554839442666,-1.5048318351176846,0.2218504020942271,24
3112,tun_a_2_a_a_0.csv,51.62630398188767,-1.489538883798437,0.33509266834753293,723
3114,tun_a_2_a_a_2.csv,8.579647771568814,-1.1420663481495956,0.3590599255669359,26
3117,tun_a_2_a_a_5.csv,152.0153394942974,-1.6781031060895586,0.34630701040996287,205
3119,tun_a_2_a_a_a.csv,60.6933041074676,-1.5169493296287415,0.345339199917341,954
3120,tun_a_a_0_7_0.csv,7.002683036831867,-1.1159194474443208,0.262987311031674,113
3122,tun_a_a_0_7_2.csv,71.36204341003267,-1.5678834810314353,0.36958559968343047,658
3125,tun_a_a_0_7_5.csv,28.851618182973848,-1.278275824368852,0.34591574979998996,82
3126,tun_a_a_0_7_6.csv,28.299307057161275,-1.3945258224362163,0.27319650281121555,22
3127,tun_a_a_0_7_a.csv,46.58366816700575,-1.4707661238150838,0.3778142955344379,875
3130,tun_a_a_0_8_2.csv,87.53375817751322,-1.6181384756776562,0.2827644626681897,79
3135,tun_a_a_0_8_a.csv,87.53375817751322,-1.6181384756776562,0.2827644626681897,79
3136,tun_a_a_0_a_0.csv,7.002683036831867,-1.1159194474443208,0.262987311031674,113
3138,tun_a_a_0_a_2.csv,73.17846932930289,-1.5737989154707126,0.36091897736138095,737
3141,tun_a_a_0_a_5.csv,28.851618182973848,-1.278275824368852,0.34591574979998996,82
3142,tun_a_a_0_a_6.csv,28.299307057161275,-1.3945258224362163,0.27319650281121555,22
3143,tun_a_a_0_a_a.csv,49.73716521587448,-1.4853210843423814,0.370065690181374,954
3146,tun_a_a_1_1_2.csv,243.08895006247172,-1.8997275457797322,0.1437118374892944,67
3151,tun_a_a_1_1_a.csv,243.08895006247172,-1.8997275457797322,0.1437118374892944,67
3152,tun_a_a_1_2_0.csv,110.31554117284675,-1.810080179581596,0.30076975733388067,28
3159,tun_a_a_1_2_a.csv,110.31554117284675,-1.810080179581596,0.30076975733388067,28
3162,tun_a_a_1_4_2.csv,222.96201428090077,-1.7610134099449906,0.24497178977171083,45
3167,tun_a_a_1_4_a.csv,222.96201428090077,-1.7610134099449906,0.24497178977171083,45
3170,tun_a_a_1_6_2.csv,34.013254637792414,-1.4701377793498664,0.1992839393775851,65
3175,tun_a_a_1_6_a.csv,34.013254637792414,-1.4701377793498664,0.1992839393775851,65
3176,tun_a_a_1_a_0.csv,110.31554117284675,-1.810080179581596,0.30076975733388067,28
3178,tun_a_a_1_a_2.csv,108.63911553424956,-1.6864498379392268,0.22842755230729897,177
3180,tun_a_a_1_a_4.csv,131.21120004445015,-1.6781933912271314,0.30566825286718446,80
3183,tun_a_a_1_a_a.csv,117.2578361170905,-1.700936507106521,0.2796564076892244,285
3186,tun_a_a_2_0_2.csv,319.9160928371922,-1.7611566766663234,0.1697811787562755,35
3191,tun_a_a_2_0_a.csv,319.9160928371922,-1.7611566766663234,0.1697811787562755,35
3192,tun_a_a_2_10_0.csv,56.923363392552815,-1.521046294765868,0.3410604740041483,470
3193,tun_a_a_2_10_1.csv,4.055195058714264,-0.7406635626491397,0.9880178725085688,59
3194,tun_a_a_2_10_2.csv,27.743151369543256,-1.3948724087966144,0.40287604838182245,149
3197,tun_a_a_2_10_5.csv,79.29675041199427,-1.558276062183134,0.3770150837276557,192
3198,tun_a_a_2_10_6.csv,3.1272141680068732,-0.804206345340353,0.528892059025615,213
3199,tun_a_a_2_10_a.csv,27.653643147095508,-1.3626987349517674,0.43945046793674253,1083
3200,tun_a_a_2_3_0.csv,135.99546960953418,-1.669824821013416,0.3038084752467213,78
3205,tun_a_a_2_3_5.csv,418.6244939369185,-1.8989247564962288,0.2572350228769374,47
3207,tun_a_a_2_3_a.csv,218.09129144775628,-1.7653436946872774,0.28569043833774577,125
3208,tun_a_a_2_5_0.csv,40.07288588295352,-1.3803005655581977,0.3190683066841423,97
3210,tun_a_a_2_5_2.csv,101.77973475868876,-1.5705374302514923,0.2052673896998289,171
3213,tun_a_a_2_5_5.csv,418.0315084081909,-1.8978615054955292,0.20410467761715204,100
3215,tun_a_a_2_5_a.csv,99.74657625208842,-1.5692264560896105,0.24782601150221217,368
3216,tun_a_a_2_9_0.csv,52.499554839442666,-1.5048318351176846,0.2218504020942271,24
3223,tun_a_a_2_9_a.csv,52.499554839442666,-1.5048318351176846,0.2218504020942271,24
3224,tun_a_a_2_a_0.csv,58.76627925613752,-1.5069408926366896,0.3205477525559974,829
3225,tun_a_a_2_a_1.csv,4.055195058714264,-0.7406635626491397,0.9880178725085688,59
3226,tun_a_a_2_a_2.csv,23.900877404454253,-1.2670876418639196,0.4159857630725259,406
3227,tun_a_a_2_a_3.csv,69.70230854924594,-1.4265587957947805,0.457765052044402,32
3229,tun_a_a_2_a_5.csv,133.24219613524835,-1.661027699801895,0.32077942379748814,339
3230,tun_a_a_2_a_6.csv,3.1272141680068732,-0.804206345340353,0.528892059025615,213
3231,tun_a_a_2_a_a.csv,29.16209438860558,-1.3423064112233287,0.41325345903726507,1878
3234,tun_a_a_a_0_2.csv,319.9160928371922,-1.7611566766663234,0.1697811787562755,35
3239,tun_a_a_a_0_a.csv,319.9160928371922,-1.7611566766663234,0.1697811787562755,35
3240,tun_a_a_a_10_0.csv,56.923363392552815,-1.521046294765868,0.3410604740041483,470
3241,tun_a_a_a_10_1.csv,4.055195058714264,-0.7406635626491397,0.9880178725085688,59
3242,tun_a_a_a_10_2.csv,27.743151369543256,-1.3948724087966144,0.40287604838182245,149
3245,tun_a_a_a_10_5.csv,79.29675041199427,-1.558276062183134,0.3770150837276557,192
3246,tun_a_a_a_10_6.csv,3.1272141680068732,-0.804206345340353,0.528892059025615,213
3247,tun_a_a_a_10_a.csv,27.653643147095508,-1.3626987349517674,0.43945046793674253,1083
3250,tun_a_a_a_1_2.csv,243.08895006247172,-1.8997275457797322,0.1437118374892944,67
3255,tun_a_a_a_1_a.csv,243.08895006247172,-1.8997275457797322,0.1437118374892944,67
3256,tun_a_a_a_2_0.csv,110.31554117284675,-1.810080179581596,0.30076975733388067,28
3263,tun_a_a_a_2_a.csv,110.31554117284675,-1.810080179581596,0.30076975733388067,28
3264,tun_a_a_a_3_0.csv,135.99546960953418,-1.669824821013416,0.3038084752467213,78
3269,tun_a_a_a_3_5.csv,418.6244939369185,-1.8989247564962288,0.2572350228769374,47
3271,tun_a_a_a_3_a.csv,218.09129144775628,-1.7653436946872774,0.28569043833774577,125
3274,tun_a_a_a_4_2.csv,222.96201428090077,-1.7610134099449906,0.24497178977171083,45
3279,tun_a_a_a_4_a.csv,222.96201428090077,-1.7610134099449906,0.24497178977171083,45
3280,tun_a_a_a_5_0.csv,40.07288588295352,-1.3803005655581977,0.3190683066841423,97
3282,tun_a_a_a_5_2.csv,101.77973475868876,-1.5705374302514923,0.2052673896998289,171
3285,tun_a_a_a_5_5.csv,418.0315084081909,-1.8978615054955292,0.20410467761715204,100
3287,tun_a_a_a_5_a.csv,99.74657625208842,-1.5692264560896105,0.24782601150221217,368
3290,tun_a_a_a_6_2.csv,34.013254637792414,-1.4701377793498664,0.1992839393775851,65
3295,tun_a_a_a_6_a.csv,34.013254637792414,-1.4701377793498664,0.1992839393775851,65
3296,tun_a_a_a_7_0.csv,7.002683036831867,-1.1159194474443208,0.262987311031674,113
3298,tun_a_a_a_7_2.csv,71.36204341003267,-1.5678834810314353,0.36958559968343047,658
3301,tun_a_a_a_7_5.csv,28.851618182973848,-1.278275824368852,0.34591574979998996,82
3302,tun_a_a_a_7_6.csv,28.299307057161275,-1.3945258224362163,0.27319650281121555,22
3303,tun_a_a_a_7_a.csv,46.58366816700575,-1.4707661238150838,0.3778142955344379,875
3306,tun_a_a_a_8_2.csv,87.53375817751322,-1.6181384756776562,0.2827644626681897,79
3311,tun_a_a_a_8_a.csv,87.53375817751322,-1.6181384756776562,0.2827644626681897,79
3312,tun_a_a_a_9_0.csv,52.499554839442666,-1.5048318351176846,0.2218504020942271,24
3319,tun_a_a_a_9_a.csv,52.499554839442666,-1.5048318351176846,0.2218504020942271,24
3320,tun_a_a_a_a_0.csv,42.85887199920676,-1.4527715124104479,0.33346415454598394,970
3321,tun_a_a_a_a_1.csv,4.055195058714264,-0.7406635626491397,0.9880178725085688,59
3322,tun_a_a_a_a_2.csv,40.941915379970496,-1.4266806773193286,0.3872986956278817,1320
3323,tun_a_a_a_a_3.csv,69.70230854924594,-1.4265587957947805,0.457765052044402,32
3324,tun_a_a_a_a_4.csv,131.21120004445015,-1.6781933912271314,0.30566825286718446,80
3325,tun_a_a_a_a_5.csv,72.74879389780219,-1.5184519550696167,0.34894215085628894,421
3326,tun_a_a_a_a_6.csv,5.7058548418503054,-0.9808958577989226,0.4816482273423648,235
